0,0,1,0,0
1,0,1,0,0
2,0,1,0,0
3,0,1,0,0
4,0,2,0,0
5,0,2,0,0
6,0,2,0,0
7,0,1,0,0
8,0,1,0,0
9,0,1,0,0
10,0,1,0,0
11,0,1,0,0
12,0,1,0,0
13,0,1,0,0
14,0,1,0,0
15,0,1,0,0
16,0,1,0,0
17,0,1,0,0
18,0,1,0,0
19,0,1,0,0
20,0,1,0,0
21,0,1,0,0
22,0,1,0,0
23,0,1,0,0
24,0,1,0,0
25,0,1,0,0
26,0,1,0,0
27,0,1,0,0
28,0,1,0,0
29,0,1,0,0
30,0,1,0,0
31,0,1,0,0
32,0,1,0,0
33,0,1,0,0
34,0,1,0,0
35,0,1,0,0
36,0,1,0,0
37,0,1,0,0
38,0,1,0,0
39,0,1,0,0
40,0,1,0,0
41,0,1,0,0
42,0,1,0,0
43,0,1,0,0
44,0,1,0,0
45,0,1,0,0
46,0,1,0,0
47,0,1,0,0
48,0,1,0,0
49,0,1,0,0
50,0,1,0,0
51,0,1,0,0
52,0,1,0,0
53,0,1,0,0
54,0,1,0,0
55,0,1,0,0
56,0,1,0,0
57,0,1,0,0
58,0,1,0,0
59,0,1,0,0
60,0,1,0,0
61,0,1,0,0
62,0,1,0,0
63,0,1,0,0
64,0,1,0,0
65,0,1,0,0
66,0,1,0,0
67,0,1,0,0
68,0,1,0,0
69,0,1,0,0
70,0,1,0,0
71,0,1,0,0
72,0,1,0,0
73,0,1,0,0
74,0,1,0,0
75,0,1,0,0
76,0,1,0,0
77,0,1,0,0
78,0,1,0,0
79,0,1,0,0
80,0,1,0,0
81,0,1,0,0
82,0,1,0,0
83,0,1,0,0
84,0,1,0,0
85,0,1,0,0
86,0,1,0,0
87,0,1,0,0
88,0,1,0,0
89,0,1,0,0
90,0,1,0,0
91,0,1,0,0
92,0,1,0,0
93,0,1,0,0
94,0,1,0,0
95,0,1,0,0
96,0,1,0,0
97,0,1,0,0
98,0,1,0,0
99,0,1,0,0
100,0,1,0,0
101,-1,1,0,0
102,-1,1,0,0
103,-1,1,0,0
104,-1,1,0,0
105,-1,1,0,0
106,-1,1,0,0
107,-1,1,0,0
108,-1,1,0,0
109,-1,1,0,0
110,-1,1,0,0
111,-1,1,0,0
112,-1,1,0,0
113,-2,1,0,0
114,-2,1,0,0
115,-2,1,0,0
116,-2,1,0,0
117,-2,1,0,0
118,-3,1,0,0
119,-3,1,0,0
120,-3,1,0,0
121,-3,1,0,0
122,-3,1,0,0
123,-4,1,0,0
124,-4,1,0,0
125,-4,1,0,0
126,-4,1,0,0
127,-4,1,0,0
128,-4,1,0,0
129,-5,1,0,0
130,-5,1,0,0
131,-5,1,0,0
132,-5,1,0,0
133,-5,1,0,0
134,-5,1,0,0
135,-5,1,0,0
136,-5,1,0,0
137,-5,1,0,0
138,-5,1,0,0
139,-5,1,0,0
140,-5,1,0,0
141,-5,1,0,0
142,-5,1,0,0
143,-5,1,0,0
144,-5,1,0,0
145,-5,1,0,0
146,-5,1,0,0
147,-5,1,0,0
148,-5,1,0,0
149,-5,1,0,0
150,-5,1,0,0
151,-5,1,0,0
152,-5,1,0,0
153,-5,1,0,0
154,-5,1,0,0
155,-5,1,0,0
156,-5,1,0,0
157,-5,1,0,0
158,-5,1,0,0
159,-5,1,0,0
160,-5,1,0,0
161,-5,1,0,0
162,-5,1,0,0
163,-5,1,0,0
164,-5,1,0,0
165,-5,1,0,0
166,-5,1,0,0
167,-5,1,0,0
168,-5,1,0,0
169,-5,1,0,0
170,-5,1,0,0
171,-5,1,0,0
172,-5,1,0,0
173,-5,1,0,0
174,-5,1,0,0
175,-5,1,0,0
176,-5,1,0,0
177,-5,1,0,0
178,-5,1,0,0
179,-5,1,0,0
180,-5,1,0,0
181,-5,1,0,0
182,-5,1,0,0
183,-5,1,0,0
184,-5,1,0,0
185,-5,1,0,0
186,-5,1,0,0
187,-5,1,0,0
188,-5,1,0,0
189,-5,1,0,0
190,-5,1,0,0
191,-5,1,0,0
192,-5,1,0,0
193,-5,1,0,0
194,-5,1,0,0
195,-5,1,0,0
196,-5,1,0,0
197,-5,1,0,0
198,-5,1,0,0
199,-5,1,0,0
200,-5,1,0,0
201,-5,1,0,0
202,-5,1,0,0
203,-5,1,0,0
204,-5,1,0,0
205,-5,1,0,0
206,-4,1,0,0
207,-4,1,0,0
208,-4,1,0,0
209,-4,1,0,0
210,-4,1,0,0
211,-4,1,0,0
212,-4,1,0,0
213,-4,1,0,0
214,-4,1,0,0
215,-4,1,0,0
216,-4,1,0,0
217,-3,1,0,0
218,-3,1,0,0
219,-3,1,0,0
220,-3,1,0,0
221,-3,1,0,0
222,-3,1,0,0
223,-3,1,0,0
224,-2,1,0,0
225,-2,1,0,0
226,-2,1,0,0
227,-2,1,0,0
228,-2,1,0,0
229,-2,1,0,0
230,-2,1,0,0
231,-2,1,0,0
232,-3,1,0,0
233,-3,1,0,0
234,-3,1,0,0
235,-3,1,0,0
236,-3,1,0,0
237,-3,1,0,0
238,-3,1,0,0
239,-3,1,0,0
240,-3,1,0,0
241,-4,1,0,0
242,-4,1,0,0
243,-4,1,0,0
244,-4,1,0,0
245,-4,1,0,0
246,-5,1,0,0
247,-5,1,0,0
248,-5,1,0,0
249,-5,1,0,0
250,-5,1,0,0
251,-6,1,0,0
252,-6,1,0,0
253,-6,1,0,0
254,-6,1,0,0
255,-5,1,0,0
256,-5,1,0,0
257,-5,1,0,0
258,-5,1,0,0
259,-5,1,0,0
260,-5,1,0,0
261,-5,1,0,0
262,-5,1,0,0
263,-5,1,0,0
264,-5,1,0,0
265,-4,1,0,0
266,-4,1,0,0
267,-4,1,0,0
268,-4,1,0,0
269,-4,1,0,0
270,-4,1,0,0
271,-3,1,0,0
272,-3,1,0,0
273,-3,1,0,0
274,-3,1,0,0
275,-3,1,0,0
276,-3,1,0,0
277,-2,1,0,0
278,-2,1,0,0
279,-2,1,0,0
280,-2,1,0,0
281,-2,1,0,0
282,-2,1,0,0
283,-2,1,0,0
284,-2,1,0,0
285,-2,1,0,0
286,-2,1,0,0
287,-2,1,0,0
288,-2,1,0,0
289,-2,1,0,0
290,-2,1,0,0
291,-2,1,0,0
292,-2,1,0,0
293,-2,1,0,0
294,-2,1,0,0
295,-2,1,0,0
296,-2,1,0,0
297,-2,1,0,0
298,-2,1,0,0
299,-2,1,0,0
300,-2,1,0,0
301,-2,1,0,0
302,-2,1,0,0
303,-2,1,0,0
304,-2,1,0,0
305,-2,1,0,0
306,-2,1,0,0
307,-2,1,0,0
308,-2,1,0,0
309,-2,1,0,0
310,-2,1,0,0
311,-2,1,0,0
312,-2,1,0,0
313,-2,1,0,0
314,-2,1,0,0
315,-2,1,0,0
316,-2,1,0,0
317,-2,1,0,0
318,-2,1,0,0
319,-2,1,0,0
320,-2,1,0,0
321,-2,1,0,0
322,-2,1,0,0
323,-2,1,0,0
324,-2,1,0,0
325,-2,1,0,0
326,-2,1,0,0
327,-2,1,0,0
328,-2,1,0,0
329,-2,1,0,0
330,-2,1,0,0
